1 1589.3225 28.8673302945273 5450198 2648840.204309931 9703609 1968739.402258711 2461408.25 41053.63984979491 2328897.75 44532.8462626183
2 2741.865 35.2999929178464 4434343.75 1961608.599338882 15008513.5 1820007.812128382 4212176.5 72873.56587725532 3959077.25 50205.4384993963
4 2528.8475 25.4478451936505 9509829 827164.9014245394 16974112 807780.6671050424 3841555.75 39506.94171387274 3633919.5 47105.0308530487
8 3858.5875 40.1272944307654 7664484.5 766222.306307388 26249799 2123864.644349548 5845744 69924.23165589078 5473407.25 56747.0885853774
16 6591.195 43.9122378538527 1796592.25 567876.6875477916 35619815.5 996607.0211721716 9873495.5 65686.5079119516 9122819.25 55210.7391267013
32 7247.3125 11.3717555812636 1727150.5 352317.28780508832 41233297.5 2123238.9289794232 10901415.5 25404.518371082532 9964963.75 39684.5231156514
64 7647.505 54.4162625814501 2184955.25 181842.41058560464 43681515.75 3466998.2291103464 11492058.75 51457.739847859664 10343816.5 97732.4740895608
128 7877.675 92.6267007941014 1574679 103308.025441718128 41313717.25 4390662.01096383128 11954838 97385.1469954907128 10711108.75 177614.465015991
256 7539.5325 24.4240433111857 1168170.5 84943.1002593305256 94940098.5 729042.762513741256 12085794 71537.183058882256 10241860.25 48656.8263616045
512 7130.2175 4.49290830086693 1042479.25 23553.5821957086512 106882503.25 223783.982491114512 16462281 161303.0088994512 10190649.25 19568.3686830729
1024 7065.32 56.1599080008742 915531.25 39982.98900261631024 104366989.5 736762.7147743481024 20893938.75 352498.0677274461024 9765980.5 147540.070917474